                       0.100000000000000005551115123125783E+00                     -0.184934759705350404423995769320754E+01
                       0.200000000000000011102230246251565E+00                     -0.198560221696927907686358594219200E+01
                       0.300000000000000044408920985006262E+00                     -0.200754996211125602556535341136623E+01
                       0.400000000000000022204460492503131E+00                     -0.193492067534485556734580313786864E+01
                       0.500000000000000000000000000000000E+00                     -0.178813594598115188638587369496236E+01
                       0.600000000000000088817841970012523E+00                     -0.158726211295564567649307718966156E+01
                       0.700000000000000066613381477509392E+00                     -0.135116908840150085069353735889308E+01
                       0.800000000000000044408920985006262E+00                     -0.109689565410098155417983889492461E+01
                       0.900000000000000022204460492503131E+00                     -0.839212447123639404544803710450651E+00
                       0.100000000000000000000000000000000E+01                     -0.590366521671557120676254726276966E+00
                       0.110000000000000008881784197001252E+01                     -0.359986100599812230971252802191884E+00
                       0.120000000000000017763568394002505E+01                     -0.155120777612286958602183517541562E+00
                       0.130000000000000004440892098500626E+01                      0.196091971911539070250185545774002E-01
                       0.140000000000000013322676295501878E+01                      0.161781058970003305264029336285603E+00
                       0.150000000000000000000000000000000E+01                      0.270880528428665112716799967529369E+00
                       0.160000000000000008881784197001252E+01                      0.347979070953035596325264577899361E+00
                       0.170000000000000017763568394002505E+01                      0.395398095780431668710974690839066E+00
                       0.180000000000000004440892098500626E+01                      0.416377616905177883044331110795611E+00
                       0.190000000000000013322676295501878E+01                      0.414763519923007528689140599453822E+00
                       0.200000000000000000000000000000000E+01                      0.394724175442293379045821666295524E+00
                       0.210000000000000008881784197001252E+01                      0.360503868365415092167580723980791E+00
                       0.220000000000000017763568394002505E+01                      0.316217496927787000693399477313505E+00
                       0.230000000000000026645352591003757E+01                      0.265688325569242655976864853073494E+00
                       0.240000000000000035527136788005009E+01                      0.212328309341234117146868243253266E+00
                       0.250000000000000000000000000000000E+01                      0.159058673770998248997443624830339E+00
                       0.260000000000000008881784197001252E+01                      0.108267037252028255900349051898957E+00
                       0.270000000000000017763568394002505E+01                      0.617963869452474029442257119626447E-01
                       0.280000000000000026645352591003757E+01                      0.209606316347619343887220821898154E-01
                       0.290000000000000035527136788005009E+01                     -0.134187879300762119560985752286797E-01
                       0.300000000000000000000000000000000E+01                     -0.409607004665285823197251602323377E-01
                       0.310000000000000008881784197001252E+01                     -0.616615986957548059543832152940013E-01
                       0.320000000000000017763568394002505E+01                     -0.758273387529751902169650179530436E-01
                       0.330000000000000026645352591003757E+01                     -0.840032591544206258538096676602436E-01
                       0.340000000000000035527136788005009E+01                     -0.869061594630321232468617154154344E-01
                       0.350000000000000000000000000000000E+01                     -0.853608712767172095325918235175777E-01
                       0.360000000000000008881784197001252E+01                     -0.802434515757103339339550984732341E-01
                       0.370000000000000017763568394002505E+01                     -0.724323616224106930916448732205026E-01
                       0.380000000000000026645352591003757E+01                     -0.627683871225998835097215078349109E-01
                       0.390000000000000035527136788005009E+01                     -0.520235238863903590167403478972119E-01
                       0.400000000000000000000000000000000E+01                     -0.408786079763331366976331082696561E-01
                       0.410000000000000053290705182007514E+01                     -0.299091147635508480817634335835464E-01
                       0.420000000000000017763568394002505E+01                     -0.195782869934856898486152942950866E-01
                       0.429999999999999982236431605997495E+01                     -0.102365734602432832678342577992225E-01
                       0.440000000000000035527136788005009E+01                     -0.212625970229222667831625592782530E-02
                       0.450000000000000000000000000000000E+01                      0.460985941262219683228762434623604E-02
                       0.460000000000000053290705182007514E+01                      0.991688926803774122020751491390911E-02
                       0.470000000000000017763568394002505E+01                      0.138143792216957900925722313445476E-01
                       0.480000000000000071054273576010019E+01                      0.163819459608129935901388307684101E-01
                       0.490000000000000035527136788005009E+01                      0.177447921266392569239478405052068E-01
                       0.500000000000000000000000000000000E+01                      0.180597927217319986770149853327894E-01
                       0.510000000000000053290705182007514E+01                      0.175026742839454220457273692090894E-01
                       0.520000000000000017763568394002505E+01                      0.162566673322888065322811002033632E-01
                       0.530000000000000071054273576010019E+01                      0.145028771287419103175331258626102E-01
                       0.540000000000000035527136788005009E+01                      0.124124958353993668225268010019136E-01
                       0.550000000000000000000000000000000E+01                      0.101408737356101109200468002313755E-01
                       0.560000000000000053290705182007514E+01                      0.782338008742495226444102485174881E-02
                       0.570000000000000017763568394002505E+01                      0.557291599930435747889401199017811E-02
                       0.580000000000000071054273576010019E+01                      0.347889210851196929719097994393451E-02
                       0.590000000000000035527136788005009E+01                      0.160745167479427577064687859831338E-02
                       0.600000000000000000000000000000000E+01                      0.270326587597142016340732821599868E-05
                       0.610000000000000053290705182007514E+01                     -0.131127560295350741904896185729967E-02
                       0.620000000000000017763568394002505E+01                     -0.232789404753960295357817500416786E-02
                       0.630000000000000071054273576010019E+01                     -0.305517546595192226316362038573970E-02
                       0.640000000000000035527136788005009E+01                     -0.351274633118539179529871141483000E-02
                       0.650000000000000000000000000000000E+01                     -0.372884718879081542355913292396963E-02
                       0.660000000000000053290705182007514E+01                     -0.373749672484096706961964606819038E-02
                       0.670000000000000017763568394002505E+01                     -0.357590913986467577589944966121038E-02
                       0.680000000000000071054273576010019E+01                     -0.328223546331639012829661794512504E-02
                       0.690000000000000035527136788005009E+01                     -0.289367202018436927776767753073273E-02
                       0.700000000000000000000000000000000E+01                     -0.244495485922284830349049400410877E-02
                       0.710000000000000053290705182007514E+01                     -0.196723812467743423490484921956067E-02
                       0.720000000000000017763568394002505E+01                     -0.148733739223916609437092795076296E-02
                       0.730000000000000071054273576010019E+01                     -0.102730595987467155857930656281951E-02
                       0.740000000000000035527136788005009E+01                     -0.604302860594118349847614357628345E-03
                       0.750000000000000000000000000000000E+01                     -0.230705673383361327052898381850810E-03
                       0.760000000000000053290705182007514E+01                      0.855813331150965888281800797443566E-04
                       0.770000000000000017763568394002505E+01                      0.340673038187096384465935017260563E-03
                       0.780000000000000071054273576010019E+01                      0.534150252467345261313258486524091E-03
                       0.790000000000000035527136788005009E+01                      0.668450368741214332596323188795395E-03
                       0.800000000000000000000000000000000E+01                      0.748239554522393867166951686442644E-03
                       0.809999999999999964472863211994991E+01                      0.779798164591642131368565138416216E-03
                       0.820000000000000106581410364015028E+01                      0.770444712798461542845041005733719E-03
                       0.830000000000000071054273576010019E+01                      0.728017409053084122057264426786105E-03
                       0.840000000000000035527136788005009E+01                      0.660426224390597989798157296803538E-03
                       0.850000000000000000000000000000000E+01                      0.575282914360826947569593770026586E-03
                       0.859999999999999964472863211994991E+01                      0.479611565945310268539725218062131E-03
                       0.870000000000000106581410364015028E+01                      0.379638134270038026581856049901376E-03
                       0.880000000000000071054273576010019E+01                      0.280654148676008543400461903161158E-03
                       0.890000000000000035527136788005009E+01                      0.186947294323078791553754962606604E-03
                       0.900000000000000000000000000000000E+01                      0.101789879627486244380654700769639E-03
                       0.909999999999999964472863211994991E+01                      0.274752170637401887660737631602359E-04
                       0.920000000000000106581410364015028E+01                     -0.346084097152279902484539597651292E-04
                       0.930000000000000071054273576010019E+01                     -0.838763437402070962615324711819653E-04
                       0.940000000000000035527136788005009E+01                     -0.120428266865083450362985950654604E-03
                       0.950000000000000000000000000000000E+01                     -0.144919651648379624970727763688672E-03
                       0.960000000000000142108547152020037E+01                     -0.158431432815907843967423440645348E-03
                       0.970000000000000106581410364015028E+01                     -0.162344102627093376904621191414435E-03
                       0.980000000000000071054273576010019E+01                     -0.158221110168620023852734113312124E-03
                       0.990000000000000035527136788005009E+01                     -0.147705140124548069298360264411940E-03
                       0.100000000000000000000000000000000E+02                     -0.132429617197978667436294997195034E-03
                       0.101000000000000014210854715202004E+02                     -0.113946669952584887048827044786492E-03
                       0.102000000000000010658141036401503E+02                     -0.936718214020859884757011504241575E-04
                       0.103000000000000007105427357601002E+02                     -0.728448703571420120780888218803284E-04
                       0.104000000000000003552713678800501E+02                     -0.525057940262098471191458404216945E-04
                       0.105000000000000000000000000000000E+02                     -0.334840364687877199679176543067882E-04
                       0.106000000000000014210854715202004E+02                     -0.163992398583073357390838681313383E-04
                       0.107000000000000010658141036401503E+02                     -0.167131132407520846587739918320814E-05
                       0.108000000000000007105427357601002E+02                      0.104623211869246458995260859459187E-04
                       0.109000000000000003552713678800501E+02                      0.199243459151479061211217902460646E-04
                       0.110000000000000000000000000000000E+02                      0.267720321447177454332166240957847E-04
                       0.111000000000000014210854715202004E+02                      0.311702502975045258291897365410250E-04
                       0.112000000000000010658141036401503E+02                      0.333645267302756353550163836985121E-04
                       0.113000000000000007105427357601002E+02                      0.336553429524764444332428359185627E-04
                       0.114000000000000003552713678800501E+02                      0.323746135382386724917494480457947E-04
                       0.115000000000000000000000000000000E+02                      0.298650093290057884118371411830140E-04
                       0.116000000000000014210854715202004E+02                      0.264625432848180747972145071544858E-04
                       0.117000000000000010658141036401503E+02                      0.224826134482816801475266177412493E-04
                       0.118000000000000007105427357601002E+02                      0.182095062191029294351978656818503E-04
                       0.119000000000000003552713678800501E+02                      0.138892063972819969152423455471812E-04
                       0.120000000000000000000000000000000E+02                      0.972523905455424084219931413208826E-05
                       0.121000000000000014210854715202004E+02                      0.587718130874675249417137326557459E-05
                       0.122000000000000010658141036401503E+02                      0.246142719178972260539580915739144E-05
                       0.123000000000000007105427357601002E+02                     -0.446237322882936057562492694616996E-06
                       0.124000000000000003552713678800501E+02                     -0.280669346800168874721411425843254E-05
                       0.125000000000000000000000000000000E+02                     -0.461260843370288328100506033968564E-05
                       0.126000000000000014210854715202004E+02                     -0.588300447282636149246969753390246E-05
                       0.127000000000000010658141036401503E+02                     -0.665762308463950722023849335129420E-05
                       0.128000000000000007105427357601002E+02                     -0.699137576132264855678253787085730E-05
                       0.129000000000000003552713678800501E+02                     -0.694911603791938960704432926007712E-05
                       0.130000000000000000000000000000000E+02                     -0.660091053510418883815700011319372E-05
                       0.131000000000000014210854715202004E+02                     -0.601793195549234848193594082932378E-05
                       0.132000000000000010658141036401503E+02                     -0.526904663712210864605356430701022E-05
                       0.133000000000000007105427357601002E+02                     -0.441812476231149460096985989721041E-05
                       0.134000000000000003552713678800501E+02                     -0.352206361408932053225478292501904E-05
                       0.135000000000000000000000000000000E+02                     -0.262948383492458897400475582861734E-05
                       0.136000000000000014210854715202004E+02                     -0.178003552958236493376201117072588E-05
                       0.137000000000000010658141036401503E+02                     -0.100423498095595916000861459738136E-05
